2.106127727486029499e+01 -3.096474519971078365e+01 2.145781688312776225e+01 2.697128434142839648e+00 1.863469407916205256e+01 -2.618861815925202663e+01 -1.897066612033794445e+04 -3.670669045050910790e+04 1.070568662959266294e+04 -4.714220890191512581e+02 6.184990013779418661e+01 2.449730480423967904e+00 -1.767848563923671179e+01 6.665551268274950480e+00 2.678496508595250569e-01
-3.096474519971078365e+01 1.506299576769634143e+02 -1.536585498995060561e+02 -3.438072108041622776e+00 -1.531688445437116570e+02 1.935857654408368944e+02 6.398022045736213477e+04 -1.749329939962790013e+04 -5.691876257904848899e+04 2.805969885629801865e+02 -2.500505317344419609e+02 1.408708543641619428e+02 1.042558783320294502e+01 -2.648991066914160442e+01 1.884201963133381241e+01
2.145781688312776225e+01 -1.536585498995060561e+02 1.644185233792469205e+02 2.138455393020838535e+00 1.542166795156701937e+02 -1.933249374826056055e+02 -6.354799809554754756e+04 3.554005174763099058e+04 5.986015056108011777e+04 6.200458940326757151e+00 2.498152153359795307e+02 -1.431000363679871725e+02 2.540173020408451610e-01 2.633078057300658159e+01 -2.088939904658625579e+01
2.697128434142839648e+00 -3.438072108041622776e+00 2.138455393020838535e+00 5.096644625727911881e-01 1.403881154536548825e+00 -2.229487672624924866e+00 -2.411893714262110734e+03 -6.115086977973222929e+03 1.208144583706183766e+03 -6.401149640824560549e+01 6.980897367168966916e+00 1.678275245082622602e+00 -1.761392051548303694e+00 4.482250888515764142e-01 1.230439797335173835e-01
1.863469407916205256e+01 -1.531688445437116570e+02 1.542166795156701937e+02 1.403881154536548825e+00 3.684015332106187088e+02 -4.585360166920862071e+02 -3.381910916256025666e+04 2.307699179440823209e+05 5.536805297242818051e+04 5.677326835912587910e+01 2.485095936238060688e+02 -5.284538359375414984e+02 1.907647782913499901e+00 2.236742344867928978e+01 -3.733706225198606887e+01
-2.618861815925202663e+01 1.935857654408368944e+02 -1.933249374826056055e+02 -2.229487672624924866e+00 -4.585360166920862071e+02 5.712354438296156331e+02 4.407847361940160044e+04 -2.799189154482007725e+05 -6.958607768361647322e+04 5.928496049002639268e+00 -3.147982914073893426e+02 6.547183996115777518e+02 5.334497778508442978e-02 -2.829046043071356920e+01 4.625120406988489208e+01
-1.897066612033794445e+04 6.398022045736213477e+04 -6.354799809554754756e+04 -2.411893714262110734e+03 -3.381910916256025666e+04 4.407847361940160044e+04 7.190712096331433952e+07 3.826242746687055379e+07 -5.657725311884200573e+07 -2.037135530848559029e+03 -2.127851422378396383e+05 -8.162143069921278220e+04 -4.160558992055413086e+01 -2.146960650178186552e+04 -6.665405806932812993e+03
-3.670669045050910790e+04 -1.749329939962790013e+04 3.554005174763099058e+04 -6.115086977973222929e+03 2.307699179440823209e+05 -2.799189154482007725e+05 3.826242746687055379e+07 2.806251982628729343e+08 -2.568359810461763293e+06 1.049768572403779021e+06 -1.329365886303765001e+04 -4.405908334708636394e+05 3.558652973344254133e+04 -1.581851862103527083e+03 -2.795184850741552509e+04
1.070568662959266294e+04 -5.691876257904848899e+04 5.986015056108011777e+04 1.208144583706183766e+03 5.536805297242818051e+04 -6.958607768361647322e+04 -5.657725311884200573e+07 -2.568359810461763293e+06 5.137382708932879567e+07 1.559804217696767009e+05 1.801758535776641802e+05 2.364334375378433833e+04 5.910556900675733232e+03 1.678620155732297280e+04 1.826736634334121845e+03
-4.714220890191512581e+02 2.805969885629801865e+02 6.200458940326757151e+00 -6.401149640824560549e+01 5.677326835912587910e+01 5.928496049002639268e+00 -2.037135530848559029e+03 1.049768572403779021e+06 1.559804217696767009e+05 1.435116633077073129e+04 2.161203738609839053e+00 1.637736936119462139e-01 5.366785180390608048e+02 -3.932603474393695508e-01 -2.911402084397616830e-01
6.184990013779418661e+01 -2.500505317344419609e+02 2.498152153359795307e+02 6.980897367168966916e+00 2.485095936238060688e+02 -3.147982914073893426e+02 -2.127851422378396383e+05 -1.329365886303765001e+04 1.801758535776641802e+05 2.161203738609839053e+00 6.998559285427826353e+02 -2.515223382846317746e-01 -9.252303318452290495e-03 7.137815548968440282e+01 4.935548258672299293e-01
2.449730480423967904e+00 1.408708543641619428e+02 -1.431000363679871725e+02 1.678275245082622602e+00 -5.284538359375414984e+02 6.547183996115777518e+02 -8.162143069921278220e+04 -4.405908334708636394e+05 2.364334375378433833e+04 1.637736936119462139e-01 -2.515223382846317746e-01 1.035424518543165050e+03 -6.462087689367296273e-02 7.687131133224894830e-01 7.941496145862768685e+01
-1.767848563923671179e+01 1.042558783320294502e+01 2.540173020408451610e-01 -1.761392051548303694e+00 1.907647782913499901e+00 5.334497778508442978e-02 -4.160558992055413086e+01 3.558652973344254133e+04 5.910556900675736870e+03 5.366785180390606911e+02 -9.252303318452274883e-03 -6.462087689367296273e-02 3.105960484416877065e+01 -2.522420835318304327e-02 -1.698047051535219940e-02
6.665551268274950480e+00 -2.648991066914160442e+01 2.633078057300658159e+01 4.482250888515764142e-01 2.236742344867928978e+01 -2.829046043071356920e+01 -2.146960650178186552e+04 -1.581851862103527083e+03 1.678620155732297644e+04 -3.932603474393697174e-01 7.137815548968438861e+01 7.687131133224894830e-01 -2.522420835318304327e-02 1.091320475345330010e+01 1.124544203347793009e-01
2.678496508595250014e-01 1.884201963133381241e+01 -2.088939904658625224e+01 1.230439797335173835e-01 -3.733706225198606177e+01 4.625120406988488497e+01 -6.665405806932812993e+03 -2.795184850741552145e+04 1.826736634334121845e+03 -2.911402084397616274e-01 4.935548258672300403e-01 7.941496145862768685e+01 -1.698047051535219940e-02 1.124544203347793009e-01 1.088966693055481372e+01
