1.076915046012756415e+07 -7.073067729162347503e+06 7.693146657278232742e+05 1.184034663181666052e+06 -6.560341458674662281e+05 -8.146036622913284227e+05 -1.462669077580967188e+09 -2.240238714572483826e+10 -2.175190747188063145e+09 -3.128420657922153473e+08 4.342543323673019186e+06 2.160277195699200034e+06 -1.300786857084645517e+07 4.936131259202948422e+05 2.401550131803646800e+05
-7.073067729162348434e+06 8.526238982011967897e+07 -9.379104579181435704e+07 -4.534011840851899469e+05 -9.650707438900232315e+07 1.203841670995915681e+08 -1.055596302590260696e+10 -4.193285522891180420e+10 1.839728532249072552e+09 1.846967010864723325e+08 -1.666424663135855645e+07 1.838134267199050784e+08 7.650372016355932690e+06 -1.694727712091298075e+06 2.483211450786125660e+07
7.693146657278232742e+05 -9.379104579181435704e+07 1.084439224102513194e+08 -2.838788687550372561e+05 1.050084729650645703e+08 -1.299045922218248844e+08 1.213493270572085762e+10 5.739413826645397186e+10 -2.512774201645668745e+08 3.395090173715143930e+06 1.644678597741002031e+07 -2.004667525178371370e+08 1.667802802737130260e+05 1.642025051138462266e+06 -2.819582123263479024e+07
1.184034663181666285e+06 -4.534011840851899469e+05 -2.838788687550372561e+05 1.913894358577423263e+05 -7.735482805227873614e+05 7.469221959773905110e+05 -2.719432448799028993e+08 -3.296804253370271683e+09 -2.084362726748399436e+08 -3.441574159414498508e+07 4.557494844127675751e+05 1.517890505709187593e+06 -1.142003785304297693e+06 2.136458931237081197e+04 1.247000323355084547e+05
-6.560341458674662281e+05 -9.650707438900232315e+07 1.050084729650645703e+08 -7.735482805227872450e+05 2.453258935111933947e+08 -3.036534283091207147e+08 3.087605410792626190e+10 1.872653379983860168e+11 -5.453110195957289696e+09 3.437359450817707181e+07 1.763163214818037674e+07 -4.534913098797062039e+08 1.365150611365639139e+06 1.265491328651981894e+06 -3.797281716146221012e+07
-8.146036622913284227e+05 1.203841670995915830e+08 -1.299045922218248844e+08 7.469221959773905110e+05 -3.036534283091207147e+08 3.761178858261389732e+08 -3.807045837226145935e+10 -2.284169561451345520e+11 7.129887669095245361e+09 5.357350058387916535e+06 -2.231436727380467579e+07 5.614174535730470419e+08 1.038091615323329024e+05 -1.605098706034632167e+06 4.700318941746011376e+07
-1.462669077580967188e+09 -1.055596302590260696e+10 1.213493270572085762e+10 -2.719432448799028993e+08 3.087605410792626190e+10 -3.807045837226145935e+10 1.028134983206446484e+13 2.768191780036056641e+13 -5.576826530314818359e+12 -1.021086753696475267e+09 -1.484967660222873116e+10 -7.102805066261750793e+10 -3.510113816226267070e+07 -1.548270327200084925e+09 -6.770085377544235229e+09
-2.240238714572483444e+10 -4.193285522891180420e+10 5.739413826645397186e+10 -3.296804253370271683e+09 1.872653379983860168e+11 -2.284169561451345520e+11 2.768191780036056641e+13 1.970452746327812500e+14 -1.479171960174877930e+12 6.495490379720103760e+11 -6.071827585420389175e+08 -3.491091280701526489e+11 2.525680461765946579e+10 -3.404833580809495449e+08 -2.554256993606156540e+10
-2.175190747188063145e+09 1.839728532249073029e+09 -2.512774201645663977e+08 -2.084362726748398840e+08 -5.453110195957288742e+09 7.129887669095245361e+09 -5.576826530314818359e+12 -1.479171960174875488e+12 5.219562550365259766e+12 1.016491614001460266e+11 1.299894057818142128e+10 2.041817273646178818e+10 4.269837019623149395e+09 1.234204114563224077e+09 1.775101312172479391e+09
-3.128420657922153473e+08 1.846967010864723325e+08 3.395090173715143930e+06 -3.441574159414498508e+07 3.437359450817707181e+07 5.357350058387916535e+06 -1.021086753696475267e+09 6.495490379720103760e+11 1.016491614001460266e+11 9.457632820842283249e+09 4.148904830383543158e+05 1.487608231763240474e+05 3.940504051595112681e+08 -3.282530040640000370e+05 -1.881658888950740511e+05
4.342543323673019186e+06 -1.666424663135855645e+07 1.644678597741002031e+07 4.557494844127675169e+05 1.763163214818037674e+07 -2.231436727380467579e+07 -1.484967660222872925e+10 -6.071827585420389175e+08 1.299894057818142128e+10 4.148904830383543158e+05 4.900343177199681848e+07 -6.535616235268244054e+04 1.090403298560387157e+04 5.075813042262709700e+06 1.633733869448030600e+05
2.160277195699200034e+06 1.838134267199050784e+08 -2.004667525178371370e+08 1.517890505709187360e+06 -4.534913098797062039e+08 5.614174535730470419e+08 -7.102805066261750793e+10 -3.491091280701526489e+11 2.041817273646178818e+10 1.487608231763240474e+05 -6.535616235268244054e+04 8.856210241602776051e+08 -5.586459134019640624e+04 6.568236698104345705e+05 8.051588568647082150e+07
-1.300786857084645703e+07 7.650372016355931759e+06 1.667802802737129387e+05 -1.142003785304297460e+06 1.365150611365639372e+06 1.038091615323329024e+05 -3.510113816226267815e+07 2.525680461765946198e+10 4.269837019623149395e+09 3.940504051595113277e+08 1.090403298560387702e+04 -5.586459134019640624e+04 2.167232360772114620e+07 -1.463243748207260978e+04 -1.393939390645202730e+04
4.936131259202949004e+05 -1.694727712091298075e+06 1.642025051138462499e+06 2.136458931237081561e+04 1.265491328651981894e+06 -1.605098706034632633e+06 -1.548270327200085163e+09 -3.404833580809495449e+08 1.234204114563223839e+09 -3.282530040639998042e+05 5.075813042262708768e+06 6.568236698104346870e+05 -1.463243748207260978e+04 8.517775162248860579e+05 7.692174805481389922e+04
2.401550131803646800e+05 2.483211450786125660e+07 -2.819582123263479024e+07 1.247000323355084693e+05 -3.797281716146221757e+07 4.700318941746011376e+07 -6.770085377544235229e+09 -2.554256993606156921e+10 1.775101312172479391e+09 -1.881658888950741093e+05 1.633733869448030600e+05 8.051588568647082150e+07 -1.393939390645202548e+04 7.692174805481389922e+04 1.277277801292067952e+07
